  1 iterations, level 2 has 3 nodes
  4 iterations, level 3 has 6 nodes
  10 iterations, level 4 has 9 nodes
  19 iterations, level 5 has 18 nodes
found target
 1 2 3
 4 5 6
 7   8

inversion: 0
----------------------
 1 2 3
 4 5 6
   7 8

inversion: 0
----------------------
 1 2 3
   5 6
 4 7 8

inversion: 2
----------------------
 1 2 3
 5   6
 4 7 8

inversion: 2
----------------------
 1 2 3
 5 7 6
 4   8

inversion: 4
----------------------
 1 2 3
 5 7 6
 4 8  

inversion: 4
----------------------
 1 2 3
 5 7  
 4 8 6

inversion: 4
----------------------
 1 2 3
 5   7
 4 8 6

inversion: 4
----------------------
 1 2 3
   5 7
 4 8 6

inversion: 4
----------------------
 1 2 3
 4 5 7
   8 6

inversion: 2
----------------------
 1 2 3
 4 5 7
 8   6

inversion: 2
----------------------
 1 2 3
 4   7
 8 5 6

inversion: 4
----------------------
 1 2 3
   4 7
 8 5 6

inversion: 4
----------------------
   2 3
 1 4 7
 8 5 6

inversion: 6
----------------------
 2   3
 1 4 7
 8 5 6

inversion: 6
----------------------
 2 4 3
 1   7
 8 5 6

inversion: 8
----------------------
 2 4 3
 1 7  
 8 5 6

inversion: 8
----------------------
 2 4  
 1 7 3
 8 5 6

inversion: 8
----------------------
 2   4
 1 7 3
 8 5 6

inversion: 8
----------------------
   2 4
 1 7 3
 8 5 6

inversion: 8
----------------------
 1 2 4
   7 3
 8 5 6

inversion: 6
----------------------
 1 2 4
 7   3
 8 5 6

inversion: 6
----------------------
 1   4
 7 2 3
 8 5 6

inversion: 8
----------------------
   1 4
 7 2 3
 8 5 6

inversion: 8
----------------------
 7 1 4
   2 3
 8 5 6

inversion: 10
----------------------
 7 1 4
 8 2 3
   5 6

inversion: 12
----------------------
 7 1 4
 8 2 3
 5   6

inversion: 12
----------------------
 7 1 4
 8 2 3
 5 6  

inversion: 12
----------------------
 7 1 4
 8 2  
 5 6 3

inversion: 14
----------------------
 7 1 4
 8   2
 5 6 3

inversion: 14
----------------------
 7 1 4
   8 2
 5 6 3

inversion: 14
----------------------
   1 4
 7 8 2
 5 6 3

inversion: 12
----------------------
 1   4
 7 8 2
 5 6 3

inversion: 12
----------------------
33 iterations 0.000997781753540039 seconds 33073.364874551975 itn/s
62 states
nodes by level
0 1
1 3
2 6
3 9
4 18

