  1 iterations, level 2 has 3 nodes
  4 iterations, level 3 has 4 nodes
  8 iterations, level 4 has 6 nodes
  14 iterations, level 5 has 11 nodes
  25 iterations, level 6 has 23 nodes
  48 iterations, level 7 has 40 nodes
  88 iterations, level 8 has 74 nodes
  162 iterations, level 9 has 135 nodes
  297 iterations, level 10 has 252 nodes
  549 iterations, level 11 has 454 nodes
  1003 iterations, level 12 has 797 nodes
  1800 iterations, level 13 has 1395 nodes
found target
 1 2 3
 4 5 6
 7   8

inversion: 0
----------------------
 1 2 3
 4   6
 7 5 8

inversion: 2
----------------------
 1 2 3
   4 6
 7 5 8

inversion: 2
----------------------
 1 2 3
 7 4 6
   5 8

inversion: 4
----------------------
 1 2 3
 7 4 6
 5   8

inversion: 4
----------------------
 1 2 3
 7 4 6
 5 8  

inversion: 4
----------------------
 1 2 3
 7 4  
 5 8 6

inversion: 4
----------------------
 1 2 3
 7   4
 5 8 6

inversion: 4
----------------------
 1 2 3
   7 4
 5 8 6

inversion: 4
----------------------
   2 3
 1 7 4
 5 8 6

inversion: 6
----------------------
 2   3
 1 7 4
 5 8 6

inversion: 6
----------------------
 2 7 3
 1   4
 5 8 6

inversion: 8
----------------------
 2 7 3
 1 4  
 5 8 6

inversion: 8
----------------------
 2 7  
 1 4 3
 5 8 6

inversion: 8
----------------------
 2   7
 1 4 3
 5 8 6

inversion: 8
----------------------
   2 7
 1 4 3
 5 8 6

inversion: 8
----------------------
 1 2 7
   4 3
 5 8 6

inversion: 6
----------------------
 1 2 7
 4   3
 5 8 6

inversion: 6
----------------------
 1 2 7
 4 3  
 5 8 6

inversion: 6
----------------------
 1 2 7
 4 3 6
 5 8  

inversion: 6
----------------------
 1 2 7
 4 3 6
 5   8

inversion: 6
----------------------
 1 2 7
 4 3 6
   5 8

inversion: 6
----------------------
 1 2 7
   3 6
 4 5 8

inversion: 6
----------------------
 1 2 7
 3   6
 4 5 8

inversion: 6
----------------------
 1 2 7
 3 6  
 4 5 8

inversion: 6
----------------------
 1 2  
 3 6 7
 4 5 8

inversion: 4
----------------------
 1   2
 3 6 7
 4 5 8

inversion: 4
----------------------
   1 2
 3 6 7
 4 5 8

inversion: 4
----------------------
 3 1 2
   6 7
 4 5 8

inversion: 6
----------------------
 3 1 2
 4 6 7
   5 8

inversion: 4
----------------------
 3 1 2
 4 6 7
 5   8

inversion: 4
----------------------
 3 1 2
 4 6 7
 5 8  

inversion: 4
----------------------
 3 1 2
 4 6  
 5 8 7

inversion: 4
----------------------
 3 1 2
 4   6
 5 8 7

inversion: 4
----------------------
 3 1 2
   4 6
 5 8 7

inversion: 4
----------------------
   1 2
 3 4 6
 5 8 7

inversion: 2
----------------------
 1   2
 3 4 6
 5 8 7

inversion: 2
----------------------
 1 4 2
 3   6
 5 8 7

inversion: 4
----------------------
 1 4 2
 3 6  
 5 8 7

inversion: 4
----------------------
 1 4  
 3 6 2
 5 8 7

inversion: 6
----------------------
 1   4
 3 6 2
 5 8 7

inversion: 6
----------------------
   1 4
 3 6 2
 5 8 7

inversion: 6
----------------------
 3 1 4
   6 2
 5 8 7

inversion: 6
----------------------
 3 1 4
 6   2
 5 8 7

inversion: 6
----------------------
 3 1 4
 6 8 2
 5   7

inversion: 8
----------------------
 3 1 4
 6 8 2
 5 7  

inversion: 8
----------------------
 3 1 4
 6 8  
 5 7 2

inversion: 10
----------------------
 3 1 4
 6   8
 5 7 2

inversion: 10
----------------------
 3 1 4
   6 8
 5 7 2

inversion: 10
----------------------
 3 1 4
 5 6 8
   7 2

inversion: 8
----------------------
 3 1 4
 5 6 8
 7   2

inversion: 8
----------------------
 3 1 4
 5   8
 7 6 2

inversion: 10
----------------------
 3 1 4
   5 8
 7 6 2

inversion: 10
----------------------
   1 4
 3 5 8
 7 6 2

inversion: 10
----------------------
 1   4
 3 5 8
 7 6 2

inversion: 10
----------------------
 1 4  
 3 5 8
 7 6 2

inversion: 10
----------------------
 1 4 8
 3 5  
 7 6 2

inversion: 12
----------------------
 1 4 8
 3   5
 7 6 2

inversion: 12
----------------------
 1 4 8
   3 5
 7 6 2

inversion: 12
----------------------
   4 8
 1 3 5
 7 6 2

inversion: 14
----------------------
 4   8
 1 3 5
 7 6 2

inversion: 14
----------------------
 4 8  
 1 3 5
 7 6 2

inversion: 14
----------------------
 4 8 5
 1 3  
 7 6 2

inversion: 16
----------------------
 4 8 5
 1 3 2
 7 6  

inversion: 14
----------------------
 4 8 5
 1 3 2
 7   6

inversion: 14
----------------------
 4 8 5
 1 3 2
   7 6

inversion: 14
----------------------
 4 8 5
   3 2
 1 7 6

inversion: 16
----------------------
2316 iterations 0.023935794830322266 seconds 96758.85076797419 itn/s
4081 states
nodes by level
0 1
1 3
2 4
3 6
4 11
5 23
6 40
7 74
8 135
9 252
10 454
11 797
12 1395

