  1 iterations, level 2 has 3 nodes
  4 iterations, level 3 has 4 nodes
  8 iterations, level 4 has 6 nodes
  14 iterations, level 5 has 11 nodes
  25 iterations, level 6 has 19 nodes
found target
 1 2 3
 4 5 6
 7   8

inversion: 0
----------------------
 1 2 3
 4   6
 7 5 8

inversion: 2
----------------------
 1 2 3
   4 6
 7 5 8

inversion: 2
----------------------
 1 2 3
 7 4 6
   5 8

inversion: 4
----------------------
 1 2 3
 7 4 6
 5   8

inversion: 4
----------------------
 1 2 3
 7 4 6
 5 8  

inversion: 4
----------------------
 1 2 3
 7 4  
 5 8 6

inversion: 4
----------------------
 1 2 3
 7   4
 5 8 6

inversion: 4
----------------------
 1 2 3
   7 4
 5 8 6

inversion: 4
----------------------
   2 3
 1 7 4
 5 8 6

inversion: 6
----------------------
 2   3
 1 7 4
 5 8 6

inversion: 6
----------------------
 2 7 3
 1   4
 5 8 6

inversion: 8
----------------------
 2 7 3
 1 4  
 5 8 6

inversion: 8
----------------------
 2 7  
 1 4 3
 5 8 6

inversion: 8
----------------------
 2   7
 1 4 3
 5 8 6

inversion: 8
----------------------
   2 7
 1 4 3
 5 8 6

inversion: 8
----------------------
 1 2 7
   4 3
 5 8 6

inversion: 6
----------------------
 1 2 7
 4   3
 5 8 6

inversion: 6
----------------------
 1 2 7
 4 3  
 5 8 6

inversion: 6
----------------------
 1 2  
 4 3 7
 5 8 6

inversion: 4
----------------------
 1   2
 4 3 7
 5 8 6

inversion: 4
----------------------
   1 2
 4 3 7
 5 8 6

inversion: 4
----------------------
 4 1 2
   3 7
 5 8 6

inversion: 6
----------------------
 4 1 2
 5 3 7
   8 6

inversion: 6
----------------------
 4 1 2
 5 3 7
 8   6

inversion: 6
----------------------
 4 1 2
 5   7
 8 3 6

inversion: 8
----------------------
 4 1 2
   5 7
 8 3 6

inversion: 8
----------------------
   1 2
 4 5 7
 8 3 6

inversion: 6
----------------------
 1   2
 4 5 7
 8 3 6

inversion: 6
----------------------
 1 2  
 4 5 7
 8 3 6

inversion: 6
----------------------
 1 2 7
 4 5  
 8 3 6

inversion: 8
----------------------
 1 2 7
 4 5 6
 8 3  

inversion: 8
----------------------
 1 2 7
 4 5 6
 8   3

inversion: 8
----------------------
 1 2 7
 4 5 6
   8 3

inversion: 8
----------------------
 1 2 7
   5 6
 4 8 3

inversion: 10
----------------------
   2 7
 1 5 6
 4 8 3

inversion: 12
----------------------
 2   7
 1 5 6
 4 8 3

inversion: 12
----------------------
37 iterations 0.0029921531677246094 seconds 12365.677131474104 itn/s
67 states
nodes by level
0 1
1 3
2 4
3 6
4 11
5 19

