  1 iterations, level 2 has 2 nodes
  3 iterations, level 3 has 3 nodes
  6 iterations, level 4 has 7 nodes
  13 iterations, level 5 has 12 nodes
  25 iterations, level 6 has 22 nodes
  47 iterations, level 7 has 43 nodes
  90 iterations, level 8 has 78 nodes
  168 iterations, level 9 has 144 nodes
  312 iterations, level 10 has 264 nodes
  576 iterations, level 11 has 471 nodes
  1047 iterations, level 12 has 832 nodes
  1879 iterations, level 13 has 1417 nodes
found target
 1 2 3
 4 5 6
 7   8

inversion: 0
----------------------
 1 2 3
 4 5 6
   7 8

inversion: 0
----------------------
 1 2 3
   5 6
 4 7 8

inversion: 2
----------------------
 1 2 3
 5   6
 4 7 8

inversion: 2
----------------------
 1 2 3
 5 6  
 4 7 8

inversion: 2
----------------------
 1 2  
 5 6 3
 4 7 8

inversion: 4
----------------------
 1   2
 5 6 3
 4 7 8

inversion: 4
----------------------
   1 2
 5 6 3
 4 7 8

inversion: 4
----------------------
 5 1 2
   6 3
 4 7 8

inversion: 6
----------------------
 5 1 2
 6   3
 4 7 8

inversion: 6
----------------------
 5   2
 6 1 3
 4 7 8

inversion: 8
----------------------
 5 2  
 6 1 3
 4 7 8

inversion: 8
----------------------
 5 2 3
 6 1  
 4 7 8

inversion: 8
----------------------
 5 2 3
 6   1
 4 7 8

inversion: 8
----------------------
 5 2 3
   6 1
 4 7 8

inversion: 8
----------------------
   2 3
 5 6 1
 4 7 8

inversion: 6
----------------------
 2   3
 5 6 1
 4 7 8

inversion: 6
----------------------
 2 3  
 5 6 1
 4 7 8

inversion: 6
----------------------
 2 3 1
 5 6  
 4 7 8

inversion: 4
----------------------
 2 3 1
 5   6
 4 7 8

inversion: 4
----------------------
 2 3 1
   5 6
 4 7 8

inversion: 4
----------------------
 2 3 1
 4 5 6
   7 8

inversion: 2
----------------------
 2 3 1
 4 5 6
 7   8

inversion: 2
----------------------
 2 3 1
 4   6
 7 5 8

inversion: 4
----------------------
 2 3 1
   4 6
 7 5 8

inversion: 4
----------------------
 2 3 1
 7 4 6
   5 8

inversion: 6
----------------------
 2 3 1
 7 4 6
 5   8

inversion: 6
----------------------
 2 3 1
 7 4 6
 5 8  

inversion: 6
----------------------
 2 3 1
 7 4  
 5 8 6

inversion: 6
----------------------
 2 3 1
 7   4
 5 8 6

inversion: 6
----------------------
 2 3 1
   7 4
 5 8 6

inversion: 6
----------------------
   3 1
 2 7 4
 5 8 6

inversion: 6
----------------------
 3   1
 2 7 4
 5 8 6

inversion: 6
----------------------
 3 7 1
 2   4
 5 8 6

inversion: 8
----------------------
 3 7 1
 2 4  
 5 8 6

inversion: 8
----------------------
 3 7  
 2 4 1
 5 8 6

inversion: 10
----------------------
 3   7
 2 4 1
 5 8 6

inversion: 10
----------------------
   3 7
 2 4 1
 5 8 6

inversion: 10
----------------------
 2 3 7
   4 1
 5 8 6

inversion: 8
----------------------
 2 3 7
 4   1
 5 8 6

inversion: 8
----------------------
 2 3 7
 4 8 1
 5   6

inversion: 10
----------------------
 2 3 7
 4 8 1
   5 6

inversion: 10
----------------------
 2 3 7
   8 1
 4 5 6

inversion: 10
----------------------
 2 3 7
 8   1
 4 5 6

inversion: 10
----------------------
 2   7
 8 3 1
 4 5 6

inversion: 12
----------------------
 2 7  
 8 3 1
 4 5 6

inversion: 12
----------------------
 2 7 1
 8 3  
 4 5 6

inversion: 10
----------------------
 2 7 1
 8   3
 4 5 6

inversion: 10
----------------------
 2 7 1
   8 3
 4 5 6

inversion: 10
----------------------
   7 1
 2 8 3
 4 5 6

inversion: 10
----------------------
 7   1
 2 8 3
 4 5 6

inversion: 10
----------------------
 7 8 1
 2   3
 4 5 6

inversion: 12
----------------------
 7 8 1
   2 3
 4 5 6

inversion: 12
----------------------
   8 1
 7 2 3
 4 5 6

inversion: 12
----------------------
 8   1
 7 2 3
 4 5 6

inversion: 12
----------------------
 8 1  
 7 2 3
 4 5 6

inversion: 12
----------------------
 8 1 3
 7 2  
 4 5 6

inversion: 12
----------------------
 8 1 3
 7   2
 4 5 6

inversion: 12
----------------------
 8 1 3
   7 2
 4 5 6

inversion: 12
----------------------
   1 3
 8 7 2
 4 5 6

inversion: 10
----------------------
 1   3
 8 7 2
 4 5 6

inversion: 10
----------------------
 1 3  
 8 7 2
 4 5 6

inversion: 10
----------------------
 1 3 2
 8 7  
 4 5 6

inversion: 8
----------------------
 1 3 2
 8   7
 4 5 6

inversion: 8
----------------------
 1 3 2
   8 7
 4 5 6

inversion: 8
----------------------
 1 3 2
 4 8 7
   5 6

inversion: 6
----------------------
 1 3 2
 4 8 7
 5   6

inversion: 6
----------------------
 1 3 2
 4 8 7
 5 6  

inversion: 6
----------------------
 1 3 2
 4 8  
 5 6 7

inversion: 4
----------------------
 1 3  
 4 8 2
 5 6 7

inversion: 6
----------------------
 1   3
 4 8 2
 5 6 7

inversion: 6
----------------------
   1 3
 4 8 2
 5 6 7

inversion: 6
----------------------
 4 1 3
   8 2
 5 6 7

inversion: 8
----------------------
 4 1 3
 8   2
 5 6 7

inversion: 8
----------------------
 4   3
 8 1 2
 5 6 7

inversion: 10
----------------------
 4 3  
 8 1 2
 5 6 7

inversion: 10
----------------------
 4 3 2
 8 1  
 5 6 7

inversion: 10
----------------------
 4 3 2
 8   1
 5 6 7

inversion: 10
----------------------
 4 3 2
   8 1
 5 6 7

inversion: 10
----------------------
   3 2
 4 8 1
 5 6 7

inversion: 8
----------------------
 3   2
 4 8 1
 5 6 7

inversion: 8
----------------------
 3 2  
 4 8 1
 5 6 7

inversion: 8
----------------------
 3 2 1
 4 8  
 5 6 7

inversion: 6
----------------------
 3 2 1
 4   8
 5 6 7

inversion: 6
----------------------
 3 2 1
   4 8
 5 6 7

inversion: 6
----------------------
   2 1
 3 4 8
 5 6 7

inversion: 4
----------------------
 2   1
 3 4 8
 5 6 7

inversion: 4
----------------------
 2 4 1
 3   8
 5 6 7

inversion: 6
----------------------
 2 4 1
 3 8  
 5 6 7

inversion: 6
----------------------
 2 4  
 3 8 1
 5 6 7

inversion: 8
----------------------
 2   4
 3 8 1
 5 6 7

inversion: 8
----------------------
   2 4
 3 8 1
 5 6 7

inversion: 8
----------------------
 3 2 4
   8 1
 5 6 7

inversion: 8
----------------------
 3 2 4
 8   1
 5 6 7

inversion: 8
----------------------
 3   4
 8 2 1
 5 6 7

inversion: 10
----------------------
 3 4  
 8 2 1
 5 6 7

inversion: 10
----------------------
 3 4 1
 8 2  
 5 6 7

inversion: 8
----------------------
 3 4 1
 8   2
 5 6 7

inversion: 8
----------------------
 3 4 1
   8 2
 5 6 7

inversion: 8
----------------------
   4 1
 3 8 2
 5 6 7

inversion: 8
----------------------
 4   1
 3 8 2
 5 6 7

inversion: 8
----------------------
 4 1  
 3 8 2
 5 6 7

inversion: 8
----------------------
 4 1 2
 3 8  
 5 6 7

inversion: 6
----------------------
 4 1 2
 3   8
 5 6 7

inversion: 6
----------------------
 4 1 2
   3 8
 5 6 7

inversion: 6
----------------------
   1 2
 4 3 8
 5 6 7

inversion: 4
----------------------
 1   2
 4 3 8
 5 6 7

inversion: 4
----------------------
 1 2  
 4 3 8
 5 6 7

inversion: 4
----------------------
 1 2 8
 4 3  
 5 6 7

inversion: 6
----------------------
 1 2 8
 4 3 7
 5 6  

inversion: 8
----------------------
 1 2 8
 4 3 7
 5   6

inversion: 8
----------------------
 1 2 8
 4 3 7
   5 6

inversion: 8
----------------------
 1 2 8
   3 7
 4 5 6

inversion: 8
----------------------
 1 2 8
 3   7
 4 5 6

inversion: 8
----------------------
 1 2 8
 3 7  
 4 5 6

inversion: 8
----------------------
 1 2  
 3 7 8
 4 5 6

inversion: 6
----------------------
 1   2
 3 7 8
 4 5 6

inversion: 6
----------------------
   1 2
 3 7 8
 4 5 6

inversion: 6
----------------------
 3 1 2
   7 8
 4 5 6

inversion: 8
----------------------
 3 1 2
 4 7 8
   5 6

inversion: 6
----------------------
 3 1 2
 4 7 8
 5   6

inversion: 6
----------------------
 3 1 2
 4 7 8
 5 6  

inversion: 6
----------------------
 3 1 2
 4 7  
 5 6 8

inversion: 4
----------------------
 3 1 2
 4   7
 5 6 8

inversion: 4
----------------------
 3 1 2
 4 6 7
 5   8

inversion: 4
----------------------
 3 1 2
 4 6 7
 5 8  

inversion: 4
----------------------
 3 1 2
 4 6  
 5 8 7

inversion: 4
----------------------
 3 1 2
 4   6
 5 8 7

inversion: 4
----------------------
 3 1 2
   4 6
 5 8 7

inversion: 4
----------------------
   1 2
 3 4 6
 5 8 7

inversion: 2
----------------------
 1   2
 3 4 6
 5 8 7

inversion: 2
----------------------
 1 4 2
 3   6
 5 8 7

inversion: 4
----------------------
 1 4 2
   3 6
 5 8 7

inversion: 4
----------------------
 1 4 2
 5 3 6
   8 7

inversion: 4
----------------------
 1 4 2
 5 3 6
 8   7

inversion: 4
----------------------
 1 4 2
 5 3 6
 8 7  

inversion: 4
----------------------
 1 4 2
 5 3  
 8 7 6

inversion: 6
----------------------
 1 4 2
 5   3
 8 7 6

inversion: 6
----------------------
 1 4 2
   5 3
 8 7 6

inversion: 6
----------------------
   4 2
 1 5 3
 8 7 6

inversion: 8
----------------------
 4   2
 1 5 3
 8 7 6

inversion: 8
----------------------
 4 5 2
 1   3
 8 7 6

inversion: 10
----------------------
 4 5 2
   1 3
 8 7 6

inversion: 10
----------------------
 4 5 2
 8 1 3
   7 6

inversion: 12
----------------------
 4 5 2
 8 1 3
 7   6

inversion: 12
----------------------
 4 5 2
 8   3
 7 1 6

inversion: 14
----------------------
 4 5 2
   8 3
 7 1 6

inversion: 14
----------------------
   5 2
 4 8 3
 7 1 6

inversion: 14
----------------------
2614 iterations 0.03490614891052246 seconds 74886.5194696975 itn/s
4550 states
nodes by level
0 1
1 2
2 3
3 7
4 12
5 22
6 43
7 78
8 144
9 264
10 471
11 832
12 1417

